input bits,output bits,mean,standard deviation,min error,max error
4,4,0.0078125,0.227857,-0.457107,0.457107
4,5,-1.38778e-17,0.1367,-0.242317,0.25
4,6,-0.00390625,0.0746877,-0.144607,0.144607
4,7,-0.00390625,0.0457313,-0.0860666,0.0860666
4,8,-0.00146484,0.042771,-0.101692,0.101692
4,9,-0.000488281,0.0430602,-0.109504,0.109504
4,10,-0.000366211,0.0420151,-0.105598,0.105598
4,11,-1.38778e-17,0.0413727,-0.0997384,0.0997384
4,12,-9.15527e-05,0.0417262,-0.101692,0.101692
4,13,-3.05176e-05,0.0417867,-0.101203,0.101203
4,14,-7.62939e-06,0.0417668,-0.100959,0.100959
4,15,-1.38778e-17,0.0417456,-0.100959,0.100959
4,16,-1.90735e-06,0.0417521,-0.100959,0.100959
4,17,-1.38778e-17,0.0417594,-0.100929,0.100929
4,18,-4.76837e-07,0.0417611,-0.100944,0.100944
4,19,-1.38778e-17,0.0417609,-0.100952,0.100952
4,20,1.19209e-07,0.04176,-0.100944,0.10094
4,21,-1.38778e-17,0.041761,-0.100944,0.100944
4,22,-2.98023e-08,0.0417607,-0.100944,0.100942
4,23,-1.49012e-08,0.0417607,-0.100943,0.100943
4,24,-1.38778e-17,0.0417607,-0.100943,0.100943
4,25,-7.45058e-09,0.0417607,-0.100943,0.100943
4,26,-1.38778e-17,0.0417606,-0.100943,0.100943
4,27,1.86265e-09,0.0417606,-0.100943,0.100943
4,28,4.65661e-10,0.0417606,-0.100943,0.100943
4,29,2.32831e-10,0.0417606,-0.100943,0.100943
4,30,-2.32831e-10,0.0417606,-0.100943,0.100943
4,31,5.82076e-11,0.0417606,-0.100943,0.100943
4,32,-5.82077e-11,0.0417606,-0.100943,0.100943
5,4,-0.00390625,0.229084,-0.58147,0.58147
5,5,-0.0117188,0.127821,-0.269215,0.25
5,6,-0.00488281,0.0674314,-0.144607,0.144607
5,7,-0.00439453,0.0481103,-0.101433,0.13259
5,8,-0.00146484,0.0383386,-0.10134,0.10134
5,9,-0.000366211,0.0350115,-0.0935278,0.0935278
5,10,-0.00012207,0.0349298,-0.0896216,0.0935278
5,11,-9.15527e-05,0.0350946,-0.0915747,0.0896216
5,12,-3.05176e-05,0.0350685,-0.088645,0.088645
5,13,-7.62939e-06,0.0352666,-0.088645,0.088645
5,14,-7.62939e-06,0.035242,-0.0879126,0.0879126
5,15,-1.90735e-06,0.035244,-0.0880347,0.0880347
5,16,-1.90735e-06,0.0352198,-0.0878516,0.0878516
5,17,-1.73472e-17,0.0352255,-0.0878516,0.0878516
5,18,-1.19209e-06,0.0352271,-0.0878516,0.0878516
5,19,-4.76837e-07,0.0352276,-0.0878439,0.0878363
5,20,-1.19209e-07,0.0352276,-0.0878325,0.0878325
5,21,-2.98023e-08,0.0352274,-0.0878306,0.0878325
5,22,-1.73472e-17,0.0352274,-0.0878306,0.0878306
5,23,-1.49012e-08,0.0352273,-0.0878296,0.0878291
5,24,-1.73472e-17,0.0352274,-0.0878289,0.0878289
5,25,-1.73472e-17,0.0352274,-0.0878289,0.0878289
5,26,-1.73472e-17,0.0352274,-0.0878288,0.0878288
5,27,-1.73472e-17,0.0352274,-0.0878288,0.0878288
5,28,-9.31323e-10,0.0352274,-0.0878288,0.0878288
5,29,-4.65661e-10,0.0352274,-0.0878288,0.0878288
5,30,-1.16415e-10,0.0352274,-0.0878288,0.0878288
5,31,-8.73115e-11,0.0352274,-0.0878288,0.0878288
5,32,-1.45519e-11,0.0352274,-0.0878288,0.0878288
6,4,-0.00976563,0.233696,-0.58147,0.58147
6,5,-0.0175781,0.111311,-0.269215,0.25
6,6,-0.00244141,0.0620797,-0.144607,0.1875
6,7,-0.00170898,0.0410804,-0.0963967,0.0819403
6,8,-0.00109863,0.020652,-0.0582329,0.0426079
6,9,-6.10352e-05,0.0147213,-0.0347954,0.0313791
6,10,-0.000274658,0.0137506,-0.0338967,0.0313791
6,11,-0.000213623,0.0133547,-0.0338967,0.0319436
6,12,-3.8147e-05,0.0130607,-0.0323556,0.0323556
6,13,-2.28882e-05,0.0129162,-0.0318673,0.0318673
6,14,-2.47955e-05,0.012896,-0.0311349,0.0311349
6,15,-3.8147e-06,0.01292,-0.031257,0.031257
6,16,-2.86102e-06,0.0129155,-0.031318,0.031318
6,17,-4.52995e-06,0.0129216,-0.0312875,0.0312875
6,18,-1.43051e-06,0.0129251,-0.0312875,0.0312875
6,19,-3.57628e-07,0.0129266,-0.0313028,0.0312951
6,20,-2.98023e-08,0.012927,-0.031299,0.031299
6,21,-2.98023e-08,0.0129268,-0.0312971,0.0312971
6,22,-1.49012e-08,0.0129266,-0.0312932,0.0312951
6,23,-3.72529e-09,0.0129266,-0.0312942,0.0312937
6,24,-1.67638e-08,0.0129266,-0.031294,0.0312937
6,25,-4.65661e-09,0.0129266,-0.031294,0.0312938
6,26,4.65661e-10,0.0129266,-0.0312939,0.0312938
6,27,-2.08167e-17,0.0129266,-0.0312938,0.0312938
6,28,-6.98492e-10,0.0129266,-0.0312938,0.0312938
6,29,-3.49246e-10,0.0129266,-0.0312938,0.0312938
6,30,-2.32831e-10,0.0129266,-0.0312938,0.0312938
6,31,-1.16415e-10,0.0129266,-0.0312938,0.0312938
6,32,-1.45519e-11,0.0129266,-0.0312938,0.0312938
7,4,-0.00683594,0.230155,-0.58147,0.58147
7,5,-0.0146484,0.113866,-0.28811,0.251205
7,6,-0.00366211,0.060106,-0.144607,0.1875
7,7,-0.0032959,0.0392996,-0.0868899,0.0847011
7,8,-0.00152588,0.0205,-0.0582329,0.0448705
7,9,-0.000457764,0.0123464,-0.0347954,0.031566
7,10,-0.000320435,0.00820043,-0.0269829,0.0230766
7,11,-0.000205994,0.00647055,-0.0211235,0.0211235
7,12,-3.8147e-05,0.00615233,-0.0181938,0.0181938
7,13,-1.90735e-05,0.00595843,-0.0172172,0.0172172
7,14,-2.09808e-05,0.00593067,-0.0174614,0.0174614
7,15,-4.29153e-06,0.0059212,-0.0172172,0.0172172
7,16,-3.33786e-06,0.00589575,-0.0170952,0.0170952
7,17,-3.33786e-06,0.00589271,-0.0170646,0.0170036
7,18,-8.9407e-07,0.00589138,-0.0169884,0.0170341
7,19,-2.08616e-07,0.00589155,-0.0170036,0.0170036
7,20,-1.3411e-07,0.00589265,-0.0170074,0.0170112
7,21,-5.21541e-08,0.00589274,-0.0170093,0.0170093
7,22,-1.11759e-08,0.00589283,-0.0170093,0.0170093
7,23,-2.98023e-08,0.00589288,-0.0170079,0.0170074
7,24,-1.21072e-08,0.0058929,-0.0170074,0.0170077
7,25,-6.98492e-09,0.00589287,-0.0170073,0.0170074
7,26,-3.25963e-09,0.00589288,-0.0170074,0.0170074
7,27,-1.62981e-09,0.00589288,-0.0170074,0.0170074
7,28,-6.98492e-10,0.00589288,-0.0170073,0.0170074
7,29,-1.16415e-10,0.00589288,-0.0170073,0.0170073
7,30,-2.03727e-10,0.00589288,-0.0170073,0.0170073
7,31,-1.45519e-11,0.00589288,-0.0170073,0.0170073
7,32,-5.45697e-11,0.00589288,-0.0170073,0.0170073
8,4,-0.00683594,0.230414,-0.594854,0.594854
8,5,-0.0146484,0.113554,-0.311318,0.25271
8,6,-0.00390625,0.0618182,-0.144607,0.1875
8,7,-0.003479,0.0403481,-0.113357,0.113357
8,8,-0.00134277,0.0200984,-0.0613183,0.0670604
8,9,-0.000320435,0.0108587,-0.0324317,0.0358104
8,10,-0.000213623,0.00681394,-0.0223338,0.0240917
8,11,-0.000164032,0.00451852,-0.0158472,0.0162792
8,12,-4.3869e-05,0.00384455,-0.0125841,0.0125841
8,13,-1.90735e-05,0.00370182,-0.0130724,0.0130724
8,14,-2.19345e-05,0.0036781,-0.0125841,0.0125841
8,15,-4.05312e-06,0.00367737,-0.0127062,0.0127062
8,16,-3.45707e-06,0.00366843,-0.0125841,0.0125841
8,17,-3.39746e-06,0.00366729,-0.0126452,0.0126452
8,18,-8.34465e-07,0.00366487,-0.0125994,0.0125841
8,19,-5.96046e-08,0.00366615,-0.0125917,0.0125994
8,20,-1.93715e-07,0.00366576,-0.0125917,0.0125917
8,21,-2.6077e-08,0.00366534,-0.0125917,0.0125937
8,22,-9.31323e-09,0.00366532,-0.0125917,0.0125917
8,23,-2.51457e-08,0.00366525,-0.0125903,0.0125903
8,24,-1.07102e-08,0.00366527,-0.0125903,0.0125903
8,25,-5.12227e-09,0.00366524,-0.01259,0.01259
8,26,3.49246e-10,0.00366524,-0.01259,0.01259
8,27,-1.97906e-09,0.00366524,-0.01259,0.01259
8,28,-6.40284e-10,0.00366524,-0.01259,0.01259
8,29,-3.7835e-10,0.00366524,-0.01259,0.01259
8,30,-1.96451e-10,0.00366524,-0.01259,0.01259
8,31,-1.0914e-11,0.00366524,-0.01259,0.01259
8,32,-1.81901e-12,0.00366524,-0.01259,0.01259
9,4,-0.0065918,0.229279,-0.588225,0.588225
9,5,-0.0141602,0.112991,-0.29969,0.25271
9,6,-0.00408936,0.0606548,-0.144607,0.187575
9,7,-0.00357056,0.0384732,-0.0949317,0.0928864
9,8,-0.00140381,0.0197287,-0.0563945,0.0548277
9,9,-0.000305176,0.011121,-0.0324317,0.0324317
9,10,-0.000198364,0.00633472,-0.0177574,0.0172705
9,11,-0.000148773,0.00339862,-0.00958071,0.00943154
9,12,-3.91006e-05,0.00240523,-0.00665102,0.00744016
9,13,-1.7643e-05,0.00215423,-0.00708467,0.00665102
9,14,-2.02656e-05,0.00201339,-0.00684053,0.00684053
9,15,-4.17233e-06,0.00197353,-0.00684053,0.00684053
9,16,-3.09944e-06,0.00198057,-0.00677949,0.00684053
9,17,-1.04308e-06,0.00198243,-0.00677949,0.00677949
9,18,-8.34465e-07,0.00198049,-0.00674898,0.00674898
9,19,-1.19209e-07,0.00197989,-0.00674135,0.00674135
9,20,-2.38419e-07,0.00197985,-0.00674135,0.00673753
9,21,-4.28408e-08,0.00198024,-0.00674135,0.00674135
9,22,-4.93601e-08,0.00198016,-0.00674325,0.00674325
9,23,-9.77889e-09,0.00198007,-0.00674325,0.00674325
9,24,-1.11759e-08,0.00198009,-0.00674325,0.00674349
9,25,-6.51926e-09,0.00198008,-0.00674349,0.00674349
9,26,-2.56114e-09,0.00198008,-0.00674337,0.00674331
9,27,-6.69388e-10,0.00198008,-0.00674337,0.00674334
9,28,-5.52973e-10,0.00198008,-0.00674336,0.00674336
9,29,-2.25555e-10,0.00198008,-0.00674335,0.00674335
9,30,-2.14641e-10,0.00198008,-0.00674335,0.00674335
9,31,-1.18234e-10,0.00198008,-0.00674335,0.00674335
9,32,-6.54836e-11,0.00198008,-0.00674335,0.00674335
10,4,-0.00671387,0.229799,-0.591555,0.591555
10,5,-0.0144043,0.113466,-0.305498,0.25271
10,6,-0.00393677,0.0609025,-0.144607,0.187575
10,7,-0.00344849,0.0387135,-0.0949317,0.0928864
10,8,-0.00141907,0.0197832,-0.0624668,0.0609426
10,9,-0.000312805,0.0107998,-0.0324317,0.0324317
10,10,-0.000213623,0.00608714,-0.0188047,0.0188047
10,11,-0.000164986,0.00311421,-0.00983287,0.0101613
10,12,-3.67165e-05,0.00178281,-0.00578384,0.00578384
10,13,-1.71661e-05,0.00121015,-0.00402123,0.00402123
10,14,-2.19345e-05,0.00106642,-0.00353295,0.00353295
10,15,-4.64916e-06,0.00100627,-0.00330136,0.00330136
10,16,-3.36766e-06,0.000985858,-0.0033624,0.00330136
10,17,-1.07288e-06,0.000980278,-0.00342343,0.00339291
10,18,-8.19564e-07,0.000979272,-0.00339291,0.00339291
10,19,-1.08033e-07,0.000978421,-0.00338528,0.00338528
10,20,-2.34693e-07,0.000978106,-0.00338528,0.00338528
10,21,-1.15484e-07,0.00097822,-0.00338528,0.00338528
10,22,-5.12227e-08,0.000978252,-0.00338242,0.00338242
10,23,-1.72295e-08,0.000978198,-0.00338195,0.00338195
10,24,-8.73115e-09,0.00097822,-0.00338242,0.00338242
10,25,-5.82077e-10,0.000978211,-0.00338218,0.00338218
10,26,-1.30967e-09,0.000978218,-0.00338224,0.00338224
10,27,-1.03319e-09,0.000978215,-0.00338215,0.00338218
10,28,-9.74978e-10,0.000978215,-0.00338217,0.00338217
10,29,-3.09228e-10,0.000978214,-0.00338218,0.00338217
10,30,-1.63709e-11,0.000978214,-0.00338217,0.00338216
10,31,-4.27463e-11,0.000978214,-0.00338217,0.00338217
10,32,-1.22782e-11,0.000978214,-0.00338217,0.00338217
11,4,-0.00665283,0.230149,-0.593208,0.593208
11,5,-0.0143738,0.113442,-0.308407,0.25294
11,6,-0.00393677,0.0610587,-0.144607,0.187575
11,7,-0.00348663,0.0388099,-0.113357,0.113357
11,8,-0.00141907,0.0197169,-0.0624668,0.0640011
11,9,-0.000307083,0.0109269,-0.0325875,0.0327511
11,10,-0.000208855,0.00619946,-0.0188047,0.0210324
11,11,-0.000161171,0.00309567,-0.0107524,0.0132199
11,12,-3.62396e-05,0.00172553,-0.00631136,0.00638395
11,13,-1.52588e-05,0.00105311,-0.00366952,0.00329357
11,14,-2.07424e-05,0.00072717,-0.00233597,0.00233597
11,15,-4.38094e-06,0.000636763,-0.00231402,0.00231402
11,16,-3.41237e-06,0.000605756,-0.00214364,0.00208261
11,17,-1.06543e-06,0.000600391,-0.00211312,0.00211312
11,18,-8.04663e-07,0.000598038,-0.00212838,0.00212838
11,19,-1.13621e-07,0.000598692,-0.00213601,0.00213601
11,20,-2.32831e-07,0.000598608,-0.00212838,0.00212838
11,21,-1.13621e-07,0.000598503,-0.00212647,0.00212647
11,22,-5.19212e-08,0.000598522,-0.00212647,0.00212647
11,23,-1.68802e-08,0.000598591,-0.00212743,0.00212743
11,24,-8.49832e-09,0.000598577,-0.00212671,0.00212671
11,25,-1.03901e-08,0.000598579,-0.00212671,0.00212671
11,26,-5.38421e-10,0.000598591,-0.00212671,0.00212677
11,27,-1.45519e-10,0.00059859,-0.00212671,0.00212671
11,28,-7.27598e-12,0.00059859,-0.00212662,0.00212662
11,29,-5.45699e-12,0.000598589,-0.00212659,0.00212659
11,30,-8.4583e-11,0.00059859,-0.00212659,0.00212659
11,31,-5.72982e-11,0.00059859,-0.00212659,0.00212659
11,32,-2.38743e-11,0.00059859,-0.00212659,0.00212659
12,4,-0.00668335,0.229975,-0.593208,0.593208
12,5,-0.014389,0.113419,-0.308407,0.25294
12,6,-0.00393677,0.060954,-0.144607,0.187595
12,7,-0.00347137,0.0387631,-0.113357,0.113357
12,8,-0.00142097,0.0196809,-0.0639857,0.0640011
12,9,-0.00031662,0.0108301,-0.0338879,0.0338879
12,10,-0.000211716,0.00611936,-0.0188047,0.0210324
12,11,-0.000162363,0.00307328,-0.0113357,0.0132199
12,12,-3.68357e-05,0.00162401,-0.00631136,0.00638395
12,13,-1.69873e-05,0.000904566,-0.00353562,0.00353562
12,14,-2.13683e-05,0.00052176,-0.00195843,0.00195843
12,15,-4.47035e-06,0.000375275,-0.00141288,0.00141288
12,16,-3.49432e-06,0.000322213,-0.00129081,0.00122977
12,17,-1.09524e-06,0.000308673,-0.00122977,0.00122977
12,18,-8.15839e-07,0.000305873,-0.00119954,0.00119954
12,19,-1.16415e-07,0.00030543,-0.00123006,0.00123006
12,20,-2.37487e-07,0.000305099,-0.00123388,0.00123006
12,21,-1.13854e-07,0.000304721,-0.00123006,0.00123006
12,22,-5.22705e-08,0.000304786,-0.00122815,0.00122815
12,23,-1.73459e-08,0.000304742,-0.00122768,0.0012272
12,24,-2.45927e-08,0.000304702,-0.00122696,0.00122696
12,25,-1.04483e-08,0.00030471,-0.00122708,0.00122708
12,26,-5.45697e-10,0.000304704,-0.00122708,0.00122708
12,27,-1.30967e-10,0.000304704,-0.00122705,0.00122705
12,28,-1.25146e-09,0.000304705,-0.00122704,0.00122704
12,29,-2.51021e-10,0.000304705,-0.00122701,0.00122701
12,30,-6.27552e-11,0.000304705,-0.001227,0.001227
12,31,-1.59164e-12,0.000304705,-0.001227,0.001227
12,32,-4.52474e-11,0.000304704,-0.001227,0.001227
13,4,-0.00669861,0.229969,-0.59362,0.59362
13,5,-0.0143967,0.113354,-0.308407,0.25294
13,6,-0.00392914,0.0609621,-0.144607,0.187606
13,7,-0.00346565,0.0387043,-0.113357,0.113357
13,8,-0.00142288,0.0196786,-0.0647452,0.0640011
13,9,-0.000313282,0.0108337,-0.0346157,0.0346157
13,10,-0.000211477,0.00609822,-0.0188047,0.0210324
13,11,-0.000164986,0.00305019,-0.0108711,0.0132199
13,12,-3.68953e-05,0.00164861,-0.00631136,0.00638395
13,13,-1.59144e-05,0.000883448,-0.00353562,0.00353562
13,14,-2.13981e-05,0.0004856,-0.00195843,0.00195843
13,15,-4.45545e-06,0.000281852,-0.00110394,0.00110394
13,16,-3.57628e-06,0.000194418,-0.000761236,0.000761236
13,17,-1.112e-06,0.000166349,-0.000608648,0.000652861
13,18,-8.35396e-07,0.000155613,-0.000577523,0.000587132
13,19,-1.22003e-07,0.000152942,-0.000556615,0.000556615
13,20,-2.3446e-07,0.000152734,-0.00056043,0.00056043
13,21,-1.13389e-07,0.000153249,-0.000562337,0.00056043
13,22,-5.19794e-08,0.000153214,-0.00056043,0.00056043
13,23,-1.77533e-08,0.000153204,-0.000559953,0.000559953
13,24,-2.46509e-08,0.000153262,-0.000560906,0.000560668
13,25,-1.05283e-08,0.000153271,-0.000560668,0.000560668
13,26,-5.67525e-10,0.000153271,-0.000560787,0.000560787
13,27,-5.62068e-10,0.000153266,-0.000560698,0.000560698
13,28,-1.24328e-09,0.000153265,-0.000560698,0.000560698
13,29,-5.87534e-10,0.000153265,-0.000560683,0.00056069
13,30,-1.59844e-10,0.000153265,-0.00056069,0.00056069
13,31,-5.8094e-11,0.000153264,-0.00056069,0.000560689
13,32,-3.45608e-11,0.000153264,-0.000560692,0.000560691
14,4,-0.00668335,0.230021,-0.59362,0.59362
14,5,-0.0143776,0.113366,-0.30877,0.25294
14,6,-0.00393105,0.060951,-0.144607,0.187606
14,7,-0.00347233,0.0387279,-0.113628,0.113628
14,8,-0.00142145,0.019671,-0.0647452,0.0636188
14,9,-0.00031352,0.0108425,-0.0349796,0.0349796
14,10,-0.000210404,0.00609438,-0.0188353,0.02065
14,11,-0.000164509,0.00303488,-0.01096,0.0128375
14,12,-3.71039e-05,0.00163652,-0.00631136,0.00600159
14,13,-1.64807e-05,0.000874709,-0.00353562,0.00353562
14,14,-2.14353e-05,0.000465422,-0.0017224,0.00188995
14,15,-4.48525e-06,0.000251143,-0.000881619,0.00103546
14,16,-3.53158e-06,0.000137033,-0.000503932,0.000547175
14,17,-1.10641e-06,8.96063e-05,-0.000312736,0.000312736
14,18,-8.33534e-07,7.16695e-05,-0.000284348,0.000306627
14,19,-1.19209e-07,6.65083e-05,-0.000285047,0.000285047
14,20,-2.36556e-07,6.5236e-05,-0.000288862,0.000288862
14,21,-1.14029e-07,6.48388e-05,-0.000286954,0.000285047
14,22,-5.2125e-08,6.47261e-05,-0.000282186,0.00028314
14,23,-1.76078e-08,6.47385e-05,-0.000281232,0.000281709
14,24,-2.45418e-08,6.47305e-05,-0.000280994,0.000281471
14,25,-1.04883e-08,6.4728e-05,-0.000281113,0.000281232
14,26,-5.31145e-10,6.4731e-05,-0.000281113,0.000281113
14,27,-5.59339e-10,6.47317e-05,-0.000281113,0.000281143
14,28,-1.24601e-09,6.47318e-05,-0.000281113,0.000281113
14,29,-5.89353e-10,6.47321e-05,-0.000281106,0.000281106
14,30,-1.60071e-10,6.47324e-05,-0.000281098,0.000281098
14,31,-1.14142e-10,6.47324e-05,-0.000281094,0.000281094
14,32,-1.98971e-13,6.47324e-05,-0.000281094,0.000281094
15,4,-0.00669098,0.229995,-0.59362,0.59362
15,5,-0.0143871,0.113365,-0.30877,0.25294
15,6,-0.00393009,0.0609725,-0.144607,0.187609
15,7,-0.00346661,0.0387317,-0.113763,0.113763
15,8,-0.00142193,0.0196728,-0.0647452,0.06381
15,9,-0.000313044,0.0108457,-0.0349796,0.0349796
15,10,-0.000210285,0.00609394,-0.0188353,0.0208412
15,11,-0.000164866,0.00302969,-0.0111479,0.0130287
15,12,-3.71486e-05,0.00163124,-0.00631136,0.00619277
15,13,-1.64956e-05,0.000870607,-0.00353562,0.00353562
15,14,-2.14502e-05,0.000463356,-0.00178784,0.00188995
15,15,-4.45172e-06,0.000246633,-0.000933348,0.00103546
15,16,-3.51947e-06,0.000131023,-0.000567137,0.000567137
15,17,-1.0943e-06,7.37231e-05,-0.0002826,0.0002826
15,18,-8.26083e-07,5.0062e-05,-0.000207149,0.000207149
15,19,-1.19675e-07,4.28655e-05,-0.000183942,0.000183942
15,20,-2.35741e-07,4.11164e-05,-0.000180127,0.000180127
15,21,-1.14058e-07,4.05599e-05,-0.00017822,0.000180127
15,22,-5.21104e-08,4.03727e-05,-0.000176313,0.000177266
15,23,-1.76442e-08,4.04286e-05,-0.000175359,0.000175836
15,24,-2.46073e-08,4.0415e-05,-0.000174405,0.000174882
15,25,-1.05247e-08,4.04056e-05,-0.000174286,0.000174405
15,26,-5.54792e-10,4.04094e-05,-0.000174167,0.000174167
15,27,-5.6707e-10,4.04097e-05,-0.000174107,0.000174137
15,28,-1.24737e-09,4.04083e-05,-0.000174092,0.000174092
15,29,-5.89807e-10,4.04085e-05,-0.000174062,0.000174062
15,30,-1.59901e-10,4.04091e-05,-0.000174055,0.000174055
15,31,-1.14028e-10,4.04091e-05,-0.000174048,0.000174048
15,32,4.26132e-14,4.04092e-05,-0.000174046,0.000174046
16,4,-0.00669479,0.229982,-0.59362,0.59362
16,5,-0.0143919,0.113366,-0.30877,0.25294
16,6,-0.00393152,0.0609694,-0.144607,0.187609
16,7,-0.00346684,0.038735,-0.113831,0.113831
16,8,-0.00142109,0.0196804,-0.0648402,0.0639055
16,9,-0.000312507,0.010841,-0.0349796,0.0349796
16,10,-0.000210017,0.00609062,-0.0188277,0.0209368
16,11,-0.000164941,0.00303226,-0.0111479,0.0131243
16,12,-3.7089e-05,0.00162817,-0.00631136,0.00628836
16,13,-1.6477e-05,0.000868665,-0.00353416,0.00353416
16,14,-2.14949e-05,0.000462159,-0.00186311,0.00198581
16,15,-4.46755e-06,0.000247707,-0.00100862,0.00113132
16,16,-3.51667e-06,0.000125793,-0.000567137,0.000643038
16,17,-1.10106e-06,6.93634e-05,-0.000303034,0.000307344
16,18,-8.26549e-07,3.79895e-05,-0.000167365,0.000172345
16,19,-1.18976e-07,2.58918e-05,-0.000121589,0.000124984
16,20,-2.3609e-07,2.17518e-05,-0.000101951,0.000101951
16,21,-1.13723e-07,2.0475e-05,-9.62288e-05,9.62288e-05
16,22,-5.21177e-08,2.02629e-05,-9.19239e-05,9.14604e-05
16,23,-1.7626e-08,2.01405e-05,-9.03969e-05,9.03969e-05
16,24,-2.46237e-08,2.00982e-05,-9.01584e-05,8.992e-05
16,25,-1.05174e-08,2.0098e-05,-8.96816e-05,8.96816e-05
16,26,-5.51609e-10,2.00926e-05,-8.9622e-05,8.9622e-05
16,27,-5.65933e-10,2.00938e-05,-8.96518e-05,8.96518e-05
16,28,-1.2476e-09,2.00959e-05,-8.95922e-05,8.95922e-05
16,29,-5.90092e-10,2.00954e-05,-8.95698e-05,8.95847e-05
16,30,-1.6027e-10,2.0095e-05,-8.95549e-05,8.95512e-05
16,31,-1.14255e-10,2.00952e-05,-8.95493e-05,8.95493e-05
16,32,-7.12484e-15,2.00951e-05,-8.95438e-05,8.95438e-05
17,4,-0.00669289,0.229989,-0.593646,0.593646
17,5,-0.0143895,0.113365,-0.30877,0.252944
17,6,-0.00393081,0.0609709,-0.144607,0.18761
17,7,-0.00346673,0.0387305,-0.113797,0.113797
17,8,-0.00142151,0.0196767,-0.0648402,0.0639055
17,9,-0.000312775,0.0108391,-0.0349796,0.0349796
17,10,-0.000210345,0.00609081,-0.0188315,0.0209368
17,11,-0.000164963,0.00303014,-0.0111479,0.0131243
17,12,-3.7197e-05,0.00162878,-0.00635916,0.00628836
17,13,-1.64974e-05,0.000868639,-0.00353489,0.00353489
17,14,-2.14772e-05,0.000461381,-0.00186311,0.00198581
17,15,-4.48013e-06,0.000246136,-0.00100862,0.00113132
17,16,-3.52808e-06,0.000126324,-0.000567137,0.000643038
17,17,-1.09954e-06,6.71888e-05,-0.000305133,0.000307344
17,18,-8.2847e-07,3.5811e-05,-0.000158641,0.000187186
17,19,-1.19297e-07,1.97991e-05,-8.99769e-05,8.99769e-05
17,20,-2.36032e-07,1.36766e-05,-5.7208e-05,5.33933e-05
17,21,-1.13883e-07,1.18939e-05,-5.15685e-05,5.34759e-05
17,22,-5.21395e-08,1.13319e-05,-5.06149e-05,4.96612e-05
17,23,-1.76278e-08,1.11278e-05,-5.10091e-05,5.05323e-05
17,24,-2.46127e-08,1.11063e-05,-5.02939e-05,5.02939e-05
17,25,-1.05074e-08,1.11175e-05,-5.01747e-05,5.00555e-05
17,26,-5.46152e-10,1.11133e-05,-4.99362e-05,4.99362e-05
17,27,-5.65933e-10,1.11168e-05,-4.98766e-05,4.99064e-05
17,28,-1.24703e-09,1.11173e-05,-4.98766e-05,4.98617e-05
17,29,-5.90148e-10,1.11175e-05,-4.98692e-05,4.98617e-05
17,30,-1.6054e-10,1.11168e-05,-4.98543e-05,4.9858e-05
17,31,-1.14234e-10,1.11169e-05,-4.98524e-05,4.98524e-05
17,32,-6.39683e-14,1.11169e-05,-4.98543e-05,4.98543e-05
18,4,-0.00669289,0.229989,-0.593659,0.593659
18,5,-0.0143895,0.113365,-0.30877,0.252945
18,6,-0.00393081,0.0609688,-0.144607,0.18761
18,7,-0.00346678,0.0387315,-0.113814,0.113814
18,8,-0.00142166,0.0196782,-0.0648639,0.0639294
18,9,-0.00031276,0.01084,-0.0349796,0.0349796
18,10,-0.000210285,0.00609082,-0.0188334,0.0209607
18,11,-0.000164948,0.00303054,-0.0111479,0.0131482
18,12,-3.71691e-05,0.00162801,-0.00638306,0.00631226
18,13,-1.64937e-05,0.000867994,-0.00353525,0.00353525
18,14,-2.14772e-05,0.000461027,-0.00186311,0.00200978
18,15,-4.48362e-06,0.000246037,-0.00100862,0.00115528
18,16,-3.5268e-06,0.000125785,-0.000567137,0.000667004
18,17,-1.10012e-06,6.71268e-05,-0.000303034,0.00033131
18,18,-8.27247e-07,3.4254e-05,-0.000154756,0.000187186
18,19,-1.19369e-07,1.83763e-05,-7.95402e-05,7.95402e-05
18,20,-2.36083e-07,1.03305e-05,-4.67682e-05,4.53121e-05
18,21,-1.13763e-07,7.38117e-06,-3.59556e-05,3.59556e-05
18,22,-5.20922e-08,6.41571e-06,-3.00549e-05,3.00549e-05
18,23,-1.7606e-08,6.10046e-06,-2.86244e-05,2.86244e-05
18,24,-2.46073e-08,6.03833e-06,-2.79158e-05,2.76774e-05
18,25,-1.05088e-08,6.03041e-06,-2.7439e-05,2.7439e-05
18,26,-5.49107e-10,6.02305e-06,-2.72602e-05,2.72602e-05
18,27,-5.66956e-10,6.02097e-06,-2.73496e-05,2.729e-05
18,28,-1.24757e-09,6.02253e-06,-2.73496e-05,2.73496e-05
18,29,-5.90262e-10,6.02195e-06,-2.73645e-05,2.73645e-05
18,30,-1.60561e-10,6.02132e-06,-2.73608e-05,2.7357e-05
18,31,-1.14206e-10,6.02155e-06,-2.73589e-05,2.73589e-05
18,32,-3.37703e-14,6.02142e-06,-2.73552e-05,2.73552e-05
19,4,-0.00669265,0.22999,-0.593659,0.593659
19,5,-0.0143894,0.113365,-0.30877,0.252945
19,6,-0.00393069,0.0609697,-0.144607,0.18761
19,7,-0.00346678,0.0387314,-0.113814,0.113814
19,8,-0.0014216,0.0196771,-0.0648639,0.0639294
19,9,-0.00031282,0.0108395,-0.0349682,0.0349682
19,10,-0.000210326,0.00609071,-0.0188325,0.0209607
19,11,-0.00016498,0.00303038,-0.0111596,0.0131482
19,12,-3.71626e-05,0.00162823,-0.00638306,0.00631226
19,13,-1.64965e-05,0.000867783,-0.00353507,0.00353507
19,14,-2.14842e-05,0.000460854,-0.00186311,0.00200978
19,15,-4.48269e-06,0.000245663,-0.00100862,0.00115528
19,16,-3.5268e-06,0.0001254,-0.000567137,0.000667004
19,17,-1.09986e-06,6.66971e-05,-0.000303034,0.00033131
19,18,-8.27116e-07,3.40262e-05,-0.000154756,0.000187186
19,19,-1.18991e-07,1.74211e-05,-7.95402e-05,7.95402e-05
19,20,-2.36105e-07,9.43411e-06,-4.82845e-05,4.44698e-05
19,21,-1.13794e-07,5.28631e-06,-2.89547e-05,2.70473e-05
19,22,-5.20813e-08,3.54721e-06,-1.75106e-05,1.75106e-05
19,23,-1.75919e-08,3.04398e-06,-1.48664e-05,1.48664e-05
19,24,-2.46114e-08,2.89278e-06,-1.43896e-05,1.41512e-05
19,25,-1.05098e-08,2.83885e-06,-1.4121e-05,1.4121e-05
19,26,-5.48539e-10,2.82702e-06,-1.40531e-05,1.40531e-05
19,27,-5.66985e-10,2.82426e-06,-1.40316e-05,1.40316e-05
19,28,-1.24717e-09,2.82316e-06,-1.40233e-05,1.40233e-05
19,29,-5.90305e-10,2.82304e-06,-1.40159e-05,1.40233e-05
19,30,-1.60529e-10,2.82363e-06,-1.40122e-05,1.40122e-05
19,31,-1.14252e-10,2.82356e-06,-1.40066e-05,1.40103e-05
19,32,-4.53166e-14,2.82356e-06,-1.40084e-05,1.40084e-05
20,4,-0.00669253,0.22999,-0.593659,0.593659
20,5,-0.0143892,0.113365,-0.30877,0.252945
20,6,-0.00393078,0.0609696,-0.144607,0.18761
20,7,-0.00346683,0.0387314,-0.113818,0.113818
20,8,-0.00142163,0.019677,-0.064858,0.0639235
20,9,-0.00031282,0.0108399,-0.0349739,0.0349739
20,10,-0.000210319,0.00609091,-0.0188329,0.0209547
20,11,-0.000164963,0.00303044,-0.0111596,0.0131422
20,12,-3.71607e-05,0.00162826,-0.00638306,0.00630628
20,13,-1.64956e-05,0.000867879,-0.00353516,0.00353516
20,14,-2.14817e-05,0.000460691,-0.00186907,0.00200978
20,15,-4.48379e-06,0.000245675,-0.00101458,0.00115528
20,16,-3.5266e-06,0.000125301,-0.000567137,0.000667004
20,17,-1.10062e-06,6.65945e-05,-0.000309025,0.00033131
20,18,-8.27422e-07,3.39835e-05,-0.000154756,0.000187186
20,19,-1.19053e-07,1.74834e-05,-7.95402e-05,7.95402e-05
20,20,-2.35954e-07,9.13206e-06,-4.53743e-05,4.36599e-05
20,21,-1.13803e-07,4.86523e-06,-2.4297e-05,2.51647e-05
20,22,-5.20886e-08,2.71112e-06,-1.3903e-05,1.3903e-05
20,23,-1.75876e-08,1.81267e-06,-8.82456e-06,8.82456e-06
20,24,-2.4604e-08,1.46201e-06,-7.34828e-06,7.2371e-06
20,25,-1.0508e-08,1.3656e-06,-6.76027e-06,6.76027e-06
20,26,-5.47374e-10,1.33671e-06,-6.76027e-06,6.70066e-06
20,27,-5.67013e-10,1.33384e-06,-6.69367e-06,6.69367e-06
20,28,-1.24731e-09,1.33463e-06,-6.66387e-06,6.66387e-06
20,29,-5.90163e-10,1.33381e-06,-6.67877e-06,6.67877e-06
20,30,-1.60508e-10,1.33355e-06,-6.67877e-06,6.67505e-06
20,31,-1.1423e-10,1.33387e-06,-6.67877e-06,6.67877e-06
20,32,-4.93134e-14,1.33385e-06,-6.6797e-06,6.6797e-06
21,4,-0.00669271,0.22999,-0.593661,0.593661
21,5,-0.0143893,0.113364,-0.30877,0.252945
21,6,-0.00393076,0.0609693,-0.144607,0.18761
21,7,-0.00346683,0.0387312,-0.113818,0.113818
21,8,-0.00142162,0.0196771,-0.0648609,0.0639265
21,9,-0.000312805,0.0108399,-0.0349767,0.0349767
21,10,-0.0002103,0.00609108,-0.0188332,0.0209577
21,11,-0.000164957,0.00303058,-0.0111625,0.0131452
21,12,-3.71577e-05,0.00162837,-0.00638306,0.00630927
21,13,-1.64947e-05,0.000867947,-0.00353521,0.00353521
21,14,-2.14798e-05,0.000460698,-0.00186907,0.00200978
21,15,-4.4831e-06,0.000245559,-0.00101458,0.00115528
21,16,-3.52759e-06,0.00012529,-0.000570121,0.000667004
21,17,-1.10041e-06,6.65724e-05,-0.000309025,0.00033131
21,18,-8.27735e-07,3.385e-05,-0.000157752,0.000187186
21,19,-1.19233e-07,1.73443e-05,-7.95402e-05,7.95402e-05
21,20,-2.36044e-07,8.98026e-06,-4.52907e-05,4.36927e-05
21,21,-1.13774e-07,4.73395e-06,-2.29804e-05,2.42378e-05
21,22,-5.20963e-08,2.43041e-06,-1.31751e-05,1.31751e-05
21,23,-1.75954e-08,1.36626e-06,-6.70044e-06,6.49936e-06
21,24,-2.46063e-08,8.94215e-07,-4.2957e-06,4.23536e-06
21,25,-1.05084e-08,7.10709e-07,-3.61038e-06,3.61038e-06
21,26,-5.47828e-10,6.68995e-07,-3.50752e-06,3.44791e-06
21,27,-5.6702e-10,6.53859e-07,-3.38831e-06,3.38831e-06
21,28,-1.24728e-09,6.48461e-07,-3.35851e-06,3.35851e-06
21,29,-5.90187e-10,6.48003e-07,-3.34361e-06,3.33615e-06
21,30,-1.60481e-10,6.48598e-07,-3.35106e-06,3.35106e-06
21,31,-1.14223e-10,6.48149e-07,-3.34733e-06,3.34547e-06
21,32,-4.50945e-14,6.48183e-07,-3.34733e-06,3.34733e-06
22,4,-0.00669274,0.22999,-0.593661,0.593661
22,5,-0.0143894,0.113365,-0.308772,0.252945
22,6,-0.00393073,0.0609694,-0.144607,0.18761
22,7,-0.00346678,0.0387313,-0.11382,0.11382
22,8,-0.0014216,0.0196772,-0.0648609,0.063928
22,9,-0.000312799,0.0108399,-0.0349767,0.0349767
22,10,-0.000210305,0.00609108,-0.0188334,0.0209592
22,11,-0.000164958,0.00303062,-0.0111625,0.0131467
22,12,-3.71583e-05,0.00162839,-0.00638306,0.00631076
22,13,-1.64954e-05,0.00086798,-0.00353523,0.00353523
22,14,-2.14794e-05,0.00046073,-0.00186907,0.00200978
22,15,-4.48315e-06,0.000245574,-0.00101458,0.00115528
22,16,-3.52714e-06,0.000125263,-0.000568629,0.000667004
22,17,-1.10035e-06,6.65699e-05,-0.000309025,0.00033131
22,18,-8.27571e-07,3.3848e-05,-0.000156254,0.000187186
22,19,-1.1924e-07,1.73256e-05,-7.95402e-05,7.95402e-05
22,20,-2.36074e-07,8.95527e-06,-4.67876e-05,4.29729e-05
22,21,-1.13782e-07,4.71263e-06,-2.34442e-05,2.53515e-05
22,22,-5.20766e-08,2.39859e-06,-1.25136e-05,1.25136e-05
22,23,-1.75947e-08,1.26198e-06,-6.44416e-06,6.44416e-06
22,24,-2.4605e-08,7.02053e-07,-3.331e-06,3.56942e-06
22,25,-1.05083e-08,4.45721e-07,-2.49991e-06,2.3807e-06
22,26,-5.47722e-10,3.68455e-07,-2.09741e-06,2.09741e-06
22,27,-5.66999e-10,3.42645e-07,-1.99278e-06,2.02258e-06
22,28,-1.2473e-09,3.34889e-07,-1.97787e-06,1.96297e-06
22,29,-5.90196e-10,3.33605e-07,-1.94807e-06,1.94062e-06
22,30,-1.60493e-10,3.33229e-07,-1.92945e-06,1.93317e-06
22,31,-1.14224e-10,3.32992e-07,-1.92945e-06,1.92945e-06
22,32,-4.60937e-14,3.33032e-07,-1.92945e-06,1.92945e-06
23,4,-0.00669272,0.22999,-0.593661,0.593661
23,5,-0.0143894,0.113365,-0.308772,0.252945
23,6,-0.00393074,0.0609694,-0.144607,0.18761
23,7,-0.00346679,0.0387313,-0.11382,0.11382
23,8,-0.00142161,0.0196772,-0.0648609,0.063928
23,9,-0.000312802,0.0108399,-0.0349775,0.0349775
23,10,-0.000210308,0.00609102,-0.0188334,0.0209592
23,11,-0.00016496,0.00303059,-0.0111633,0.0131467
23,12,-3.71588e-05,0.00162839,-0.0063838,0.00631076
23,13,-1.6495e-05,0.000867973,-0.00353524,0.00353524
23,14,-2.14792e-05,0.000460751,-0.00186907,0.00201053
23,15,-4.48301e-06,0.000245582,-0.00101458,0.00115603
23,16,-3.5274e-06,0.000125272,-0.000569375,0.000667752
23,17,-1.10045e-06,6.65573e-05,-0.000309774,0.000332059
23,18,-8.27671e-07,3.38482e-05,-0.000157752,0.000187932
23,19,-1.19245e-07,1.73098e-05,-8.02891e-05,8.02891e-05
23,20,-2.36085e-07,8.93584e-06,-4.67876e-05,4.29729e-05
23,21,-1.13801e-07,4.70168e-06,-2.34442e-05,2.53515e-05
23,22,-5.20852e-08,2.38556e-06,-1.29275e-05,1.29275e-05
23,23,-1.759e-08,1.23687e-06,-6.44416e-06,6.44416e-06
23,24,-2.46062e-08,6.56381e-07,-3.38618e-06,3.62459e-06
23,25,-1.05082e-08,3.65106e-07,-1.94435e-06,1.94435e-06
23,26,-5.47725e-10,2.46584e-07,-1.2404e-06,1.2404e-06
23,27,-5.66928e-10,2.02729e-07,-1.04799e-06,1.04799e-06
23,28,-1.24729e-09,1.90304e-07,-1.02754e-06,1.02754e-06
23,29,-5.90196e-10,1.87461e-07,-1.01261e-06,1.02006e-06
23,30,-1.60483e-10,1.86633e-07,-1.02379e-06,1.02379e-06
23,31,-1.14225e-10,1.86441e-07,-1.02379e-06,1.02379e-06
23,32,-4.7204e-14,1.86354e-07,-1.02565e-06,1.02565e-06
24,4,-0.00669274,0.22999,-0.593661,0.593661
24,5,-0.0143894,0.113365,-0.308772,0.252945
24,6,-0.00393073,0.0609695,-0.144607,0.18761
24,7,-0.00346678,0.0387313,-0.11382,0.11382
24,8,-0.0014216,0.0196772,-0.0648609,0.0639283
24,9,-0.000312801,0.0108399,-0.0349778,0.0349778
24,10,-0.000210306,0.00609104,-0.0188334,0.0209596
24,11,-0.000164959,0.00303059,-0.0111636,0.0131471
24,12,-3.71587e-05,0.00162839,-0.0063838,0.00631114
24,13,-1.6495e-05,0.000867984,-0.00353525,0.00353525
24,14,-2.14792e-05,0.000460754,-0.00186907,0.00201015
24,15,-4.483e-06,0.00024559,-0.00101458,0.00115566
24,16,-3.52737e-06,0.000125271,-0.000569375,0.000667378
24,17,-1.10042e-06,6.65543e-05,-0.000309774,0.000331685
24,18,-8.27691e-07,3.38408e-05,-0.000157378,0.000188306
24,19,-1.19267e-07,1.73147e-05,-7.99146e-05,7.99146e-05
24,20,-2.36089e-07,8.93713e-06,-4.67876e-05,4.29729e-05
24,21,-1.13808e-07,4.69323e-06,-2.34442e-05,2.53515e-05
24,22,-5.20897e-08,2.37912e-06,-1.29275e-05,1.29275e-05
24,23,-1.7593e-08,1.23415e-06,-6.44416e-06,6.44416e-06
24,24,-2.46046e-08,6.421e-07,-3.19715e-06,3.34472e-06
24,25,-1.05088e-08,3.29759e-07,-1.68566e-06,1.86868e-06
24,26,-5.47802e-10,1.92067e-07,-9.99807e-07,1.02931e-06
24,27,-5.66985e-10,1.28913e-07,-6.80862e-07,7.10664e-07
24,28,-1.24729e-09,1.08228e-07,-6.4718e-07,6.4718e-07
24,29,-5.90203e-10,1.02303e-07,-6.5024e-07,6.5024e-07
24,30,-1.60492e-10,1.01179e-07,-6.40485e-07,6.40485e-07
24,31,-1.14226e-10,1.01006e-07,-6.42347e-07,6.42347e-07
24,32,-4.59272e-14,1.0102e-07,-6.40485e-07,6.40485e-07
25,4,-0.00669273,0.22999,-0.593661,0.593661
25,5,-0.0143894,0.113365,-0.308772,0.252946
25,6,-0.00393074,0.0609694,-0.144607,0.18761
25,7,-0.00346679,0.0387313,-0.11382,0.11382
25,8,-0.0014216,0.0196772,-0.0648611,0.0639285
25,9,-0.000312801,0.0108399,-0.0349776,0.0349776
25,10,-0.000210306,0.00609103,-0.0188334,0.0209598
25,11,-0.000164959,0.00303059,-0.0111638,0.0131473
25,12,-3.71587e-05,0.00162838,-0.00638399,0.00631132
25,13,-1.64951e-05,0.000867978,-0.00353524,0.00353524
25,14,-2.14792e-05,0.000460755,-0.00186926,0.00201053
25,15,-4.48297e-06,0.000245588,-0.00101476,0.00115603
25,16,-3.52737e-06,0.000125273,-0.000569561,0.000667752
25,17,-1.10042e-06,6.65576e-05,-0.000310336,0.000332059
25,18,-8.27651e-07,3.38406e-05,-0.000157752,0.000188306
25,19,-1.19257e-07,1.73117e-05,-8.02891e-05,8.02891e-05
25,20,-2.36092e-07,8.93705e-06,-4.67876e-05,4.31333e-05
25,21,-1.13806e-07,4.69059e-06,-2.36314e-05,2.55388e-05
25,22,-5.20915e-08,2.37908e-06,-1.3302e-05,1.3302e-05
25,23,-1.75943e-08,1.22892e-06,-6.63141e-06,6.63141e-06
25,24,-2.46052e-08,6.36209e-07,-3.38618e-06,3.62459e-06
25,25,-1.0508e-08,3.19175e-07,-1.83245e-06,1.86868e-06
25,26,-5.47903e-10,1.72331e-07,-9.32399e-07,9.69702e-07
25,27,-5.66973e-10,9.47252e-08,-5.26859e-07,5.26859e-07
25,28,-1.24729e-09,6.35893e-08,-3.51176e-07,3.51176e-07
25,29,-5.9021e-10,5.33276e-08,-2.96456e-07,2.89005e-07
25,30,-1.60489e-10,5.01667e-08,-2.96456e-07,2.92731e-07
25,31,-1.14226e-10,4.93684e-08,-2.96456e-07,2.98319e-07
25,32,-4.59133e-14,4.91773e-08,-2.97387e-07,2.97387e-07
26,4,-0.00669274,0.22999,-0.593661,0.593661
26,5,-0.0143894,0.113365,-0.308772,0.252946
26,6,-0.00393074,0.0609694,-0.144607,0.18761
26,7,-0.00346679,0.0387313,-0.11382,0.11382
26,8,-0.0014216,0.0196772,-0.0648612,0.0639285
26,9,-0.000312801,0.0108399,-0.0349777,0.0349777
26,10,-0.000210306,0.00609104,-0.0188334,0.0209598
26,11,-0.000164959,0.00303059,-0.0111638,0.0131473
26,12,-3.71586e-05,0.00162838,-0.00638399,0.00631132
26,13,-1.64951e-05,0.000867974,-0.00353524,0.00353524
26,14,-2.14792e-05,0.000460753,-0.00186935,0.00201053
26,15,-4.483e-06,0.00024559,-0.00101486,0.00115603
26,16,-3.52736e-06,0.000125275,-0.000569655,0.000667752
26,17,-1.10042e-06,6.65579e-05,-0.000310242,0.000332059
26,18,-8.27648e-07,3.38416e-05,-0.000157659,0.000188399
26,19,-1.19255e-07,1.73133e-05,-8.02891e-05,8.02891e-05
26,20,-2.36092e-07,8.9368e-06,-4.67876e-05,4.32265e-05
26,21,-1.13807e-07,4.69038e-06,-2.36314e-05,2.55388e-05
26,22,-5.20914e-08,2.37806e-06,-1.32084e-05,1.32084e-05
26,23,-1.75951e-08,1.22858e-06,-6.63141e-06,6.63141e-06
26,24,-2.46059e-08,6.34194e-07,-3.38618e-06,3.62459e-06
26,25,-1.05084e-08,3.18949e-07,-1.85073e-06,1.86868e-06
26,26,-5.47677e-10,1.66156e-07,-9.15009e-07,9.15009e-07
26,27,-5.67018e-10,8.68765e-08,-4.97777e-07,4.97777e-07
26,28,-1.24729e-09,4.87473e-08,-2.92829e-07,2.92829e-07
26,29,-5.90211e-10,3.21969e-08,-1.77661e-07,1.80762e-07
26,30,-1.6049e-10,2.66121e-08,-1.54651e-07,1.57052e-07
26,31,-1.14226e-10,2.52146e-08,-1.45683e-07,1.45683e-07
26,32,-4.58717e-14,2.48563e-08,-1.45683e-07,1.45683e-07
27,4,-0.00669273,0.22999,-0.593661,0.593661
27,5,-0.0143894,0.113365,-0.308772,0.252946
27,6,-0.00393074,0.0609694,-0.144607,0.18761
27,7,-0.00346679,0.0387313,-0.11382,0.11382
27,8,-0.0014216,0.0196772,-0.0648613,0.0639285
27,9,-0.000312801,0.0108399,-0.0349778,0.0349778
27,10,-0.000210306,0.00609104,-0.0188334,0.0209597
27,11,-0.000164959,0.00303059,-0.0111639,0.0131472
27,12,-3.71587e-05,0.00162838,-0.00638399,0.00631128
27,13,-1.64951e-05,0.000867976,-0.00353524,0.00353524
27,14,-2.14792e-05,0.000460752,-0.00186935,0.00201053
27,15,-4.483e-06,0.000245588,-0.00101486,0.00115603
27,16,-3.52738e-06,0.000125275,-0.000569701,0.000667752
27,17,-1.10041e-06,6.65586e-05,-0.000310289,0.000332059
27,18,-8.27648e-07,3.38415e-05,-0.000157705,0.000188352
27,19,-1.19254e-07,1.73127e-05,-8.02891e-05,8.02891e-05
27,20,-2.36091e-07,8.93631e-06,-4.67876e-05,4.32731e-05
27,21,-1.13808e-07,4.68957e-06,-2.36782e-05,2.55856e-05
27,22,-5.2092e-08,2.37738e-06,-1.32552e-05,1.32552e-05
27,23,-1.75951e-08,1.22755e-06,-6.63141e-06,6.63141e-06
27,24,-2.46061e-08,6.33428e-07,-3.43298e-06,3.6714e-06
27,25,-1.05085e-08,3.17393e-07,-1.85073e-06,1.85073e-06
27,26,-5.47761e-10,1.66352e-07,-9.26152e-07,9.26152e-07
27,27,-5.66942e-10,8.47371e-08,-4.79819e-07,4.79819e-07
27,28,-1.2473e-09,4.51857e-08,-2.76778e-07,2.76778e-07
27,29,-5.9021e-10,2.55751e-08,-1.5446e-07,1.4701e-07
27,30,-1.6049e-10,1.796e-08,-1.05884e-07,1.02158e-07
27,31,-1.14226e-10,1.51531e-08,-8.74988e-08,8.93615e-08
27,32,-4.57746e-14,1.44878e-08,-8.24499e-08,8.24499e-08
28,4,-0.00669274,0.22999,-0.593661,0.593661
28,5,-0.0143894,0.113365,-0.308772,0.252946
28,6,-0.00393074,0.0609694,-0.144607,0.18761
28,7,-0.00346679,0.0387313,-0.11382,0.11382
28,8,-0.0014216,0.0196772,-0.0648613,0.0639285
28,9,-0.000312801,0.0108399,-0.0349778,0.0349778
28,10,-0.000210306,0.00609104,-0.0188334,0.0209597
28,11,-0.000164959,0.00303059,-0.0111639,0.0131472
28,12,-3.71587e-05,0.00162838,-0.00638399,0.0063113
28,13,-1.64951e-05,0.000867976,-0.00353524,0.00353524
28,14,-2.14792e-05,0.000460753,-0.00186935,0.00201053
28,15,-4.483e-06,0.000245589,-0.00101486,0.00115603
28,16,-3.52737e-06,0.000125275,-0.000569701,0.000667752
28,17,-1.10042e-06,6.65589e-05,-0.000310289,0.000332059
28,18,-8.27647e-07,3.38424e-05,-0.000157682,0.000188376
28,19,-1.19254e-07,1.73133e-05,-8.02891e-05,8.02891e-05
28,20,-2.36091e-07,8.93667e-06,-4.67876e-05,4.32731e-05
28,21,-1.13807e-07,4.68971e-06,-2.36548e-05,2.55622e-05
28,22,-5.2092e-08,2.37706e-06,-1.32786e-05,1.32786e-05
28,23,-1.75953e-08,1.22761e-06,-6.63141e-06,6.63141e-06
28,24,-2.46061e-08,6.33113e-07,-3.43298e-06,3.6714e-06
28,25,-1.05086e-08,3.17284e-07,-1.85073e-06,1.8564e-06
28,26,-5.47825e-10,1.65603e-07,-9.26152e-07,9.26152e-07
28,27,-5.66967e-10,8.3985e-08,-4.79819e-07,4.85492e-07
28,28,-1.24727e-09,4.35535e-08,-2.62253e-07,2.62253e-07
28,29,-5.90215e-10,2.26353e-08,-1.30377e-07,1.35315e-07
28,30,-1.6049e-10,1.27289e-08,-7.68626e-08,7.31374e-08
28,31,-1.14226e-10,8.40451e-09,-5.0099e-08,5.0099e-08
28,32,-4.59133e-14,6.81712e-09,-4.43636e-08,4.43636e-08
29,4,-0.00669274,0.22999,-0.593661,0.593661
29,5,-0.0143894,0.113365,-0.308772,0.252946
29,6,-0.00393074,0.0609694,-0.144607,0.18761
29,7,-0.00346679,0.0387313,-0.11382,0.11382
29,8,-0.0014216,0.0196772,-0.0648613,0.0639285
29,9,-0.000312801,0.0108399,-0.0349778,0.0349778
29,10,-0.000210306,0.00609104,-0.0188334,0.0209597
29,11,-0.000164959,0.00303059,-0.0111639,0.0131472
29,12,-3.71587e-05,0.00162838,-0.00638399,0.00631131
29,13,-1.64951e-05,0.000867976,-0.00353525,0.00353525
29,14,-2.14792e-05,0.000460753,-0.00186936,0.00201054
29,15,-4.48299e-06,0.000245589,-0.00101487,0.00115605
29,16,-3.52737e-06,0.000125275,-0.000569713,0.000667764
29,17,-1.10042e-06,6.65587e-05,-0.000310278,0.000332071
29,18,-8.27648e-07,3.38423e-05,-0.000157682,0.000188399
29,19,-1.19253e-07,1.73133e-05,-8.03008e-05,8.03008e-05
29,20,-2.36091e-07,8.93659e-06,-4.6811e-05,4.32848e-05
29,21,-1.13807e-07,4.68967e-06,-2.36665e-05,2.55739e-05
29,22,-5.20919e-08,2.37688e-06,-1.32786e-05,1.32786e-05
29,23,-1.75953e-08,1.22724e-06,-6.64312e-06,6.64312e-06
29,24,-2.46062e-08,6.3316e-07,-3.42128e-06,3.6597e-06
29,25,-1.05086e-08,3.17101e-07,-1.86243e-06,1.86243e-06
29,26,-5.47858e-10,1.65453e-07,-9.26152e-07,9.26152e-07
29,27,-5.66989e-10,8.37809e-08,-4.91522e-07,4.91522e-07
29,28,-1.24729e-09,4.32079e-08,-2.62847e-07,2.62847e-07
29,29,-5.90206e-10,2.19075e-08,-1.28446e-07,1.35896e-07
29,30,-1.60492e-10,1.16483e-08,-7.08044e-08,7.03345e-08
29,31,-1.14226e-10,6.41795e-09,-3.78285e-08,4.15538e-08
29,32,-4.58656e-14,4.34368e-09,-2.7962e-08,2.7962e-08
30,4,-0.00669273,0.22999,-0.593661,0.593661
30,5,-0.0143894,0.113365,-0.308772,0.252946
30,6,-0.00393074,0.0609694,-0.144607,0.18761
30,7,-0.00346679,0.0387313,-0.11382,0.11382
30,8,-0.0014216,0.0196772,-0.0648613,0.0639285
30,9,-0.000312801,0.0108399,-0.0349778,0.0349778
30,10,-0.000210306,0.00609104,-0.0188334,0.0209597
30,11,-0.000164959,0.00303059,-0.0111639,0.0131472
30,12,-3.71587e-05,0.00162838,-0.00638399,0.00631131
30,13,-1.64951e-05,0.000867976,-0.00353525,0.00353525
30,14,-2.14792e-05,0.000460753,-0.00186936,0.00201054
30,15,-4.483e-06,0.000245589,-0.00101487,0.00115605
30,16,-3.52737e-06,0.000125275,-0.000569707,0.000667764
30,17,-1.10042e-06,6.65587e-05,-0.000310278,0.000332071
30,18,-8.27648e-07,3.38422e-05,-0.000157682,0.000188393
30,19,-1.19253e-07,1.73134e-05,-8.03008e-05,8.03008e-05
30,20,-2.3609e-07,8.93673e-06,-4.68051e-05,4.32789e-05
30,21,-1.13807e-07,4.68973e-06,-2.36724e-05,2.55797e-05
30,22,-5.20919e-08,2.37698e-06,-1.32727e-05,1.32727e-05
30,23,-1.75953e-08,1.22732e-06,-6.64312e-06,6.64312e-06
30,24,-2.46062e-08,6.33017e-07,-3.42713e-06,3.66555e-06
30,25,-1.05086e-08,3.16994e-07,-1.86243e-06,1.86243e-06
30,26,-5.47856e-10,1.65366e-07,-9.26152e-07,9.26152e-07
30,27,-5.66999e-10,8.37009e-08,-4.91522e-07,4.91522e-07
30,28,-1.2473e-09,4.30746e-08,-2.62847e-07,2.62847e-07
30,29,-5.9021e-10,2.18694e-08,-1.28446e-07,1.35896e-07
30,30,-1.60488e-10,1.13161e-08,-7.10785e-08,6.76751e-08
30,31,-1.14226e-10,5.79055e-09,-3.58023e-08,3.7665e-08
30,32,-4.58036e-14,3.19705e-09,-1.85949e-08,1.85949e-08
31,4,-0.00669273,0.22999,-0.593661,0.593661
31,5,-0.0143894,0.113365,-0.308772,0.252946
31,6,-0.00393074,0.0609694,-0.144607,0.18761
31,7,-0.00346679,0.0387313,-0.11382,0.11382
31,8,-0.0014216,0.0196772,-0.0648613,0.0639285
31,9,-0.000312801,0.0108399,-0.0349778,0.0349778
31,10,-0.000210306,0.00609104,-0.0188334,0.0209597
31,11,-0.000164959,0.00303059,-0.0111639,0.0131472
31,12,-3.71587e-05,0.00162838,-0.006384,0.00631131
31,13,-1.64951e-05,0.000867976,-0.00353525,0.00353525
31,14,-2.14792e-05,0.000460753,-0.00186936,0.00201054
31,15,-4.483e-06,0.000245589,-0.00101487,0.00115605
31,16,-3.52737e-06,0.000125275,-0.000569713,0.000667767
31,17,-1.10042e-06,6.65587e-05,-0.00031028,0.000332074
31,18,-8.27647e-07,3.38423e-05,-0.000157682,0.000188393
31,19,-1.19253e-07,1.73134e-05,-8.03037e-05,8.03037e-05
31,20,-2.36091e-07,8.93678e-06,-4.68081e-05,4.32848e-05
31,21,-1.13807e-07,4.6898e-06,-2.36724e-05,2.55797e-05
31,22,-5.20918e-08,2.37702e-06,-1.32756e-05,1.32756e-05
31,23,-1.75952e-08,1.22733e-06,-6.64312e-06,6.64312e-06
31,24,-2.46062e-08,6.33012e-07,-3.43006e-06,3.66848e-06
31,25,-1.05086e-08,3.16987e-07,-1.86535e-06,1.86535e-06
31,26,-5.47866e-10,1.65316e-07,-9.29077e-07,9.29077e-07
31,27,-5.66998e-10,8.36251e-08,-4.94448e-07,4.94448e-07
31,28,-1.2473e-09,4.30338e-08,-2.62847e-07,2.62847e-07
31,29,-5.90213e-10,2.18278e-08,-1.31372e-07,1.38822e-07
31,30,-1.6049e-10,1.12018e-08,-7.4004e-08,7.02787e-08
31,31,-1.14225e-10,5.69671e-09,-3.67511e-08,3.86137e-08
31,32,-4.61102e-14,2.96641e-09,-1.90317e-08,1.90317e-08
32,4,-0.00669273,0.22999,-0.593661,0.593661
32,5,-0.0143894,0.113365,-0.308772,0.252946
32,6,-0.00393074,0.0609694,-0.144607,0.18761
32,7,-0.00346679,0.0387313,-0.11382,0.11382
32,8,-0.0014216,0.0196772,-0.0648613,0.0639285
32,9,-0.000312801,0.0108399,-0.0349778,0.0349778
32,10,-0.000210306,0.00609104,-0.0188334,0.0209597
32,11,-0.000164959,0.00303059,-0.0111639,0.0131472
32,12,-3.71587e-05,0.00162838,-0.006384,0.00631131
32,13,-1.64951e-05,0.000867976,-0.00353525,0.00353525
32,14,-2.14792e-05,0.000460753,-0.00186936,0.00201054
32,15,-4.483e-06,0.000245589,-0.00101487,0.00115605
32,16,-3.52737e-06,0.000125275,-0.000569712,0.000667766
32,17,-1.10042e-06,6.65588e-05,-0.00031028,0.000332072
32,18,-8.27647e-07,3.38423e-05,-0.000157683,0.000188393
32,19,-1.19253e-07,1.73133e-05,-8.03023e-05,8.03023e-05
32,20,-2.36091e-07,8.93675e-06,-4.68081e-05,4.32833e-05
32,21,-1.13807e-07,4.6898e-06,-2.36709e-05,2.55782e-05
32,22,-5.20918e-08,2.37703e-06,-1.32771e-05,1.32771e-05
32,23,-1.75952e-08,1.22735e-06,-6.64312e-06,6.64312e-06
32,24,-2.46062e-08,6.33024e-07,-3.42859e-06,3.66701e-06
32,25,-1.05086e-08,3.16975e-07,-1.86682e-06,1.86682e-06
32,26,-5.47864e-10,1.65314e-07,-9.29077e-07,9.29077e-07
32,27,-5.67001e-10,8.36375e-08,-4.95911e-07,4.95911e-07
32,28,-1.2473e-09,4.30074e-08,-2.62847e-07,2.62847e-07
32,29,-5.90214e-10,2.17975e-08,-1.30832e-07,1.38283e-07
32,30,-1.60491e-10,1.11874e-08,-7.25412e-08,6.88159e-08
32,31,-1.14226e-10,5.65606e-09,-3.52883e-08,3.7151e-08
32,32,-4.56632e-14,2.877e-09,-1.764e-08,1.764e-08